773035956 373068608 652016839 792548245 680483022 387183244 929713295 269150824 739485482 693192030
803190722 253893118 546800806 142637075 222195352 342753283 841886798 252495008 412860675 672331807
828676048 654109362 481183022 85339893 894375895 606917692 459624749 661740397 812640476 477536126
230158780 921183326 858850594 86644421 308824468 240218059 977196119 509085491 996659140 6581388
972329194 799942477 481630338 900658313 965488826 264576808 876301194 259112178 115102014 78268233
491801578 111944757 450371087 604379370 693001328 758081450 188131800 436831372 664898701 39652943
644753226 719829640 39177558 61978839 187729298 32927908 610658415 856158548 463438376 469281871
334787242 644737142 975839935 592439337 464632088 408431135 894963814 678911393 135743408 962295748
842869053 776042509 734239977 121271103 171932618 856342929 120553574 321084826 45006830 889154645
247927729 537977309 812503600 68912122 386691718 188085707 47481385 681974824 684306778 339205996
660791297 233532829 329003299 420522696 219956548 194526763 50277555 121347360 621489244 52885500
387119355 854931493 428452203 521331975 660301759 533565769 23693895 277173387 72038040 877320575
960569511 27901194 502511253 407151628 58698357 229569758 4791114 458843566 162167791 199914615
850719971 22756024 281696471 376680800 689480857 545523336 343907769 800423667 873862038 629212384
327345861 429304446 845755470 537921826 595858945 552498822 325190832 798966932 504802693 568099659
453808019 866184632 737328060 721538286 547721637 486160874 866003712 89751835 40780040 494712761
698626703 569171074 296984839 567992537 716190154 693677621 487450128 470293730 982178011 158068960
699801837 465790169 654500843 99731563 273081324 102644543 982878820 698159114 683464475 124606396
37066018 596448192 520256177 347370334 438177572 860026358 656606556 853887131 436547602 219630216
835999033 942091546 247079483 869101238 434768035 539515107 328421456 643432464 710892295 222695039
561694405 329715458 169266200 864560749 389359080 359566976 90116672 982347340 364529000 760439903
729600882 574594915 633107160 838975120 925648333 140920177 306890439 431008296 449821614 645435364
71093367 738117923 704166116 56962575 393073243 896191372 838591506 382200740 327472413 295361293
992320525 39362432 78863146 125000448 999496848 817986898 922339808 270464107 970007121 437890890
756922260 441145680 450777622 964407769 137632850 974265680 794978171 465863518 197196412 205699419
86068706 496261844 180230022 734303475 328893832 672748374 1610448 552368078 228430594 227086544
666309206 5569098 994425620 11492704 779363312 457891780 637889875 445493957 74805452 803044385
442654170 510240339 255868831 112916759 103843273 456820757 26694486 616428448 223904425 361970137
781666186 527414518 869048465 532666895 575388076 42948077 487804521 155841916 762455690 142159010
69007792 666406073 739335134 732228959 6671331 557983368 162750932 725453151 108392040 221884170
597162613 56561057 559028299 866892255 411002416 970118224 202533220 195384877 751725006 839283452
334035599 357517474 399879728 324709971 165614661 108151048 74050292 827688034 59213361 529750393
59724301 249785075 493953790 510593256 412938187 443842856 142514036 214934205 803623118 91063330
722671674 579734401 278430973 532428734 500008751 287530436 622140403 267792305 602674716 413809821
673828416 288683590 273120492 325401514 60535754 353455936 384652707 587387585 745127737 594433593
416684884 202120835 999843500 829129961 295417164 892393127 900033001 775008446 867997569 653574345
574848489 972196330 783189591 445438307 798135326 954042517 681816233 451274716 660996096 309385015
878729471 417216511 538483086 731136373 84015975 812722228 290573581 559307639 57634441 118242327
836452503 161152696 824014631 785926273 211623041 283918005 635558629 306029349 955832219 105294179
507897749 758413816 105798819 288760535 715522017 711140053 915099221 871099529 979474609 41276758
93082781 313809300 547474892 186227031 841821179 879333033 153120566 653383194 286473210 712863982
993895658 806692559 348805128 18635414 478776256 13508931 398701325 585592232 602519197 414972792
963978684 19836970 20168811 594833643 418035683 829018829 495426340 146969602 666374406 15988167
250507927 737460077 244381134 847578922 33622789 789752022 99339757 515663736 520454784 829312174
47640042 301561921 142382248 966717912 174286643 845096603 314900984 754450044 53810501 71650463
280532686 699804326 925417089 175268060 236247994 904956428 334518310 496426342 89735675 470244286
224206518 711630073 579802982 369523157 619578506 851570364 705460077 935382300 408398783 714352698
893160510 455422835 225670593 914480974 456484032 87545305 120399399 936310703 727598294 563616454
740643530 302468207 896405267 129566563 450894032 739294515 222108999 736621673 934428853 611015582
908514972 546226782 80344215 928518793 602592821 426029054 67514163 335591464 689806941 994381613
162376603 641651659 908855180 207575026 38145730 737085961 76208748 160786993 845306421 238215265
778981264 936698600 653725839 693010754 646685539 44081901 536234599 322743471 912884983 109250255
89986655 466874826 824329787 56514551 727786509 10870154 38059267 270687704 711955483 265273411
44777842 271446429 206309308 947149275 777330621 983416098 72638865 857260038 363935351 946600194
555886456 910246801 902769835 30397298 755110533 955269855 23134813 996336038 372254936 424144362
918676822 605802225 778967009 541634295 493610380 216352448 12222416 588230193 317757167 531112217
908240465 710065606 396814373 626446303 659599799 487475344 602482326 157888212 259161530 424439921
247456513 81357130 746806563 676680762 939460860 420950325 703862444 51751953 821651031 761683097
144817137 975220726 62319026 399213141 21468788 646122513 337589613 717328239 35139702 531625551
75158273 544993923 844909244 228295956 285565284 371462727 437918860 112741839 699622541 381518868
723705109 838543265 464565693 822374595 289451669 533328570 327562222 45927416 138430311 816494432
647990590 982610251 531924970 45378372 834989907 163338614 613181981 660921573 177753809 877874033
122634710 566274680 125199945 476115663 420671672 840706283 468637593 929711960 641067221 161652005
24727465 917089123 109480425 95404809 69290191 180189491 556703234 56058389 793627835 218193103
208377521 681487264 551099007 628547987 153189251 989248752 285595567 272890938 366475092 694187868
592305784 988594602 239908085 465322238 789969502 337113882 734954782 182092563 279665658 518062472
598548744 675966482 776023401 348870111 65553480 549024721 430989447 414383954 929681561 581295064
39471084 174492920 568179646 961516138 663229167 959254894 274774241 913541743 936472626 922435237
241913222 402680955 683584017 98615357 627137669 158274911 289818532 494265526 924987405 756974869
423754773 785789873 236768553 977365190 332299304 812152915 518900094 362984996 732429200 717889648
54923781 668129083 793929885 421790360 778562332 312512526 928421929 119515254 199126347 83514081
598329726 130315459 763144362 161186891 633286206 920921672 315850267 225016147 756054536 938008124
246138245 237162360 876583036 637639894 125031779 108919252 288064058 230733521 566932257 889795263
833022525 408172576 127803056 888185746 292048979 569786407 622004395 790219314 321697341 812245187
28127037 593184615 178521322 52676038 436503545 220152733 584743163 883038329 173424698 146151140
1153361 272033626 431645189 898300542 242512599 630433909 966699871 417874913 542257513 535349883
904337956 257809731 572860088 792394549 505121659 361569214 841519787 596134595 237503507 45836080
702087368 594118103 407841546 5116765 690524950 518657533 604537514 50438483 688382188 106326605
602861606 530009925 212127841 409275108 439414387 252941413 200087563 781976176 107167013 130356821
526063021 462854242 245690514 487553582 267309698 860511834 987224647 238882716 653129363 309987673
370384469 583391962 49504314 800665049 628088834 888755438 863736829 808138873 79582977 889693381
346141889 822615717 560619051 145774117 367172659 631502053 342607865 98185693 101546732 250893420
272030937 120330119 37407406 276835895 24795968 860102055 409266078 448609466 957945267 226825493
387864117 739469165 903557338 475287856 271847086 726320305 893787782 796679271 313556674 836215278
466385410 679833673 682028157 485909844 223712732 201560428 521271307 597178802 866453819 530401704
716420372 65520841 98424053 308502686 783753407 765446841 656762957 563968260 871324195 284575577
631520679 55804726 957378211 846832490 637974790 76753357 276272374 730441584 491228432 387275681
824379220 440146598 599697172 988584924 815487290 404623668 655650027 329793479 632384657 538628012
614328092 374351988 475612239 454760027 81769444 104548140 338409192 932313125 966623125 506382585
477307128 326149958 24427093 219057170 130436245 724867924 952761921 116701483 147765310 795332441
683202758 721129399 629873404 230409983 371290856 721492156 795130603 824343072 533620893 687990244
503679922 810737450 999164500 367197579 606520032 433731610 171836375 975349081 217727171 262561770
375042839 817047383 277468314 711864523 81971598 409519458 850331513 419513347 986464040 749481273
156689891 247785451 15442927 324588118 156246572 283921484 912053592 163036958 563546430 177912086
30940643 758490991 536380506 320297957 669014447 15933669 479734661 59190024 259692541 77660039
753601838 838697364 383181874 251690065 197975823 823496691 782737190 232149464 806841465 914030195
571966379 34044402 934295499 614657685 18998752 460826774 416104279 70292866 968337748 289906761
625366175 252618210 414037684 712787251 823370188 445028081 723911015 377642987 954019301 956164435
368113784 557251450 704285084 163441308 208039102 575996577 985758910 660056977 536940672 630004277
957118949 72105154 106902451 55755293 63523123 110699279 211318253 262011657 922470964 59439495
558629231 200457648 461534806 274675426 280045088 715679590 195937072 753560570 791390584 168561383
117715368 483673219 634290422 544864834 553012727 448488415 945837890 411509194 684626482 898443446
792813427 230446141 936816614 94390912 574230233 804421937 962293825 269498992 609542932 9836522
728672104 67575094 525019212 250804532 392160587 610136293 201654465 98587136 517326650 388532117
886500305 687018787 75363390 820311246 384936122 487795239 41811855 48379487 972009016 928180270
644787824 404270933 825265603 788111418 303984363 9950679 644024570 265906500 354083561 412761244
627779424 306250045 229123189 178517343 575071185 163000757 701527944 292083334 18320883 989499026
611286028 386921786 808637725 748209958 217462263 958230423 687855574 475741436 370178663 172167566
70657706 150861098 322444165 911750723 214711170 388988238 704319623 107849656 688807159 888357251
814540982 337736786 215098563 323747890 171199869 527699301 402115136 296575899 858299437 36583085
804475652 832808545 923174933 56447227 896978312 716250683 643185337 869830998 29179244 45581950
598578652 136011151 354489051 25079844 882771884 824547360 483013173 995630094 367403157 524112746
675138608 324402216 239820905 591375452 808477353 436074134 356276724 744700719 430373177 736192527
239526343 793181313 763198002 2840496 605010788 196649930 54819136 937271152 43456385 735381156
691487366 47139766 680765475 630148474 944072709 753571604 77827079 914720147 288259182 714753659
786050094 151445811 620555137 173800384 308653960 989530428 748628135 840716413 702508126 779647610
555170873 635925285 214272236 97006276 797549644 473969522 270924566 721219180 543311735 451977228
785118728 405637549 464968185 386153724 17128438 617203857 609665007 650736011 388421964 210981017
103446913 181689155 212659361 838296412 743937576 919350711 602659075 739765504 296122817 77404244
950095071 201392529 481824776 901526889 140894779 966612006 665016720 247861325 465978508 792494695
752874279 840814403 731625733 458887565 952289514 242475278 58387850 477574450 562488076 445767332
103669624 552131306 870868826 950531442 879681314 871831957 822286057 552479889 160483501 107014166
194055224 826326921 849908826 475598059 286404624 360227121 560778759 8741161 481385496 46836250
984786171 911166806 96976634 129964772 3270297 396047259 810455675 441999416 209133224 274739602
25420358 718557104 369891691 172314085 453379084 705642130 448572956 6115818 519216352 587250023
86824585 247761048 29929827 209703406 173097411 167992069 848046339 502574487 729623876 934604102
92206995 953486806 795325590 528518294 7640361 732311094 769972029 6732661 971366930 395217579
469105251 847172487 452416786 944183892 55169022 265525823 934798264 186767632 901652003 169143306
101441558 385419731 64897048 443874638 19314095 40155407 791073178 490085779 142844932 126338005
940268961 277044194 932348592 644788023 860617457 381299679 592285285 567224215 624839124 598370900
794703869 917275532 959235959 785465589 819073764 915749416 675121747 924338077 9010242 226041925
29313002 31108198 530975593 652056942 372728443 524310934 543455064 809699867 201012851 166089975
337093298 557517166 44898989 195034330 627501877 721860923 376814245 494537655 3441499 92568555
998634670 922966306 144804390 523845212 972037449 282805454 351460974 765196143 345160965 781210858
95851931 408527804 996402689 632630563 980943520 21467537 263087052 597664888 452772441 484535844
368501350 305491782 276629791 156772863 672292423 631442105 932232693 797582243 276784952 957746379
537797211 220002213 43900876 387564964 230468351 327021892 640596363 216170964 674328673 927579332
382928500 346502236 229168523 996615059 30560021 928880478 224063473 344367383 517552498 643835020
565067480 101846385 527419568 365827109 851794734 577109720 279722768 831848184 716251252 347750148
862191548 385874683 292901753 420966034 200896082 328796231 743794264 105003742 159870397 732336914
585817496 961000782 274686870 912684727 120925322 998122464 715215629 468343420 542031419 381474825
290131928 809837350 495019183 445917145 905213682 151276738 344259511 918332035 19325743 308850338
79668366 967917226 627941795 246218824 65905167 168456837 964226302 635783837 362717588 534061753
326554080 124656879 328428275 960456198 843633774 125700008 303855143 167306934 502345609 723914965
479930912 695754114 209073307 878050006 671530782 723841286 653089680 174414012 173366546 886901297
940815590 471219223 374131651 170517396 161651436 601953205 128593209 777175557 9188955 517000845
446405159 542732190 797105700 509625986 264025299 521020128 327226651 977099161 833520835 935360965
433413639 314588553 758909168 749279798 515493002 224254472 979193135 102343160 347814520 951705609
284112154 528022217 732458718 619174750 904570749 341557173 306265949 714725654 601286687 132486018
957182735 89946152 512123871 677034811 717526347 185984911 422154627 535014627 613253864 378723763
186914810 56567179 175940435 524255762 641563291 455166810 117930601 521310576 827191501 65393997
712986220 658988400 883195168 600812048 329484112 848874336 461604713 772873622 638732933 12651381
756936235 422348372 247809633 610321939 108450148 604625858 98565277 965412023 760026394 408895668
974273250 36489950 253227593 324578770 124993035 138383727 998262580 626405067 852807843 83581709
207495621 584473769 225058307 577396733 528478012 545323740 360358450 541528958 187769179 532740733
458846243 734456206 664328979 236387746 747489099 851439524 813330996 702329895 544759973 902315835
7328827 99510751 230312717 888149069 560977470 853330814 53670081 21907847 525427173 37364330
722241682 590289309 20873199 667700558 51997963 709011789 771057084 467631448 109513935 190907332
824555150 349034392 950786509 112838979 122643597 954685750 450756157 115693961 257105030 248213230
703282320 417495462 805620936 929202492 713223787 158971515 484727767 122843807 621238861 729656164
807182752 874415537 114443349 892350123 670177999 121633528 828308512 741343929 668965020 474729272
567775421 601612123 821353971 669453510 404186689 411301681 71005457 835654439 301664985 326911043
308516613 998800221 293605205 42278018 778646008 203175938 208433795 318261249 247827624 523455997
312052204 769367181 507844843 683558195 67738811 843573589 926369404 666826826 53273551 24665575
141514650 936337408 472277215 116832734 661166294 334437728 564221727 294440689 720492753 308171300
264413548 401740172 580507537 552272019 251628754 322358830 654470124 250469011 530562138 849140863
427078054 537553463 587716249 649094002 25709026 538122774 979458609 300100676 529273978 73390380
539725245 920985803 599026171 182895187 395043789 496175641 155925039 155350988 488473971 264776234
357362898 750249720 751431885 522321849 473941232 799007698 749073566 879704765 59732916 356305341
460268823 184779698 804343979 627806356 912299199 250970368 5832908 820160501 315578889 45690241
127015538 56373672 935015228 461770338 392026875 976540672 608109123 694572134 841082479 101863532
685289057 163601582 245830407 724787050 433424609 332603006 799015252 382483135 863810293 555181012
789118810 301808545 288626508 932682423 449907679 565489469 805728783 372661236 762239227 269619696
976881014 626488826 867407463 864706874 498827868 877739962 616212933 928340750 23270367 434623704
178250625 570546652 587780374 979904310 262639210 283920975 749782108 493317102 643949466 537297770
990672791 212353361 64089215 274850606 680025112 380026533 585827613 924808635 70945766 45909565
643066910 951300949 402265775 392283655 40843251 929988629 880494051 906187900 597170043 861450899
917374092 286560379 744648189 674292763 935257473 775055896 661554909 552423115 211834171 189098882
844275142 102861385 430239416 885605996 528237874 235742642 478189519 21111402 261852927 864981815
147743776 586831472 485436985 537106117 270749011 357405305 62008493 608027675 492987118 789966924
280943359 289452635 477194193 990147570 584097217 280355902 116002620 178759834 561443861 496348337
606282404 752883811 321165783 157048746 583928178 872423511 540284716 83362905 623131367 304387335
346704043 693445431 12228542 432819741 444307568 894088713 32212459 863292774 503902296 427700405
973669741 19262697 119735913 260713995 882278656 771195513 817356554 409587794 415565537 469158967
440220098 505956601 310094117 972311791 939660393 232783974 128660922 877397141 859116449 329594317
38501821 967622797 775757735 87048623 744300074 132528817 611327971 694282111 637366714 594647702
128076334 682177596 379613314 470463444 299891066 672437629 512048267 271595796 71144466 847040802
605422480 191393421 318496330 441978795 613135879 451457336 504086149 984648262 23871000 985178592
659939577 34917279 80835240 851076588 453666144 862009916 746452351 576030268 381351453 980262840
281600774 992033130 184811766 748584528 666737438 991421187 126851266 928376987 729268734 53660045
347045122 55124492 579720920 600136118 697933860 612739852 743765156 84870521 520361530 240580336
449578198 866566704 97924297 102345677 878008649 464069615 611772577 498447886 519089972 864439360
758056851 276656802 805823805 436640749 987702902 356724073 209943833 299914358 882112811 606506675
754562024 571198774 9248284 384960051 563230493 4055851 172334987 309817496 554888975 634592143
676169229 494104544 206059785 192784873 723268746 831839651 15523798 236402759 228708196 230654925
265974923 275973916 723222571 309604315 170096509 793803605 91617511 744496427 588116482 7697413
63003245 426139788 716552631 972112507 153523049 760459893 209048345 510122792 626816489 375312168
579594939 16928654 872424383 354288652 384168061 236997990 819837256 950341592 849629403 84068858
66110873 730015118 519180031 693231629 336550300 626682709 35251263 569029821 391493173 425698075
924521638 423567999 602379213 307423521 888628277 360843367 992127602 114843039 508218749 575609694
357454850 972194714 790180259 779121803 781335407 282541523 242438998 81599023 804870695 236851749
894888288 155172108 126449266 504820597 886848050 881286442 112494172 141089819 929806475 598830855
167114557 428864713 160018175 763086022 336591999 593096901 714897129 95513029 250389577 557028427
737885724 20865405 180577719 706578327 145363395 871063087 121966387 919076762 434071786 13433848
779941322 168971698 997755941 883931677 137250729 19911924 329283616 456543702 236493395 702337219
140778260 453793872 530399516 119395810 464722067 830213816 786375842 228767903 530113551 989321806
155846902 328690303 953393112 597144259 797086392 853999303 375432136 310583902 766349108 634704934
676712649 152462684 832021806 832402560 711988717 345946308 63387648 471875238 523042756 932171020
24191879 417102168 412640339 55033787 681135180 888812723 438853184 905858929 210348409 3807394
428057123 696788110 948831997 2910549 79417082 804348909 814682204 463451004 871297652 377364927
806959321 737569899 593600294 845166924 55968461 703100382 542341031 725742711 389963799 567246647
975926161 831433823 994059845 845631904 776916922 179581486 107421505 246611733 355176051 44871991
895790179 739548302 474729884 484537911 538051076 894254552 109492417 328372228 235860563 48382221
917917003 66972767 543651998 854804210 257232875 308205672 445379838 675148187 509019533 929698569
827860357 506210836 769716262 879303927 906012606 18742011 976840675 238872095 459777281 983221217
758291827 862995933 496014443 547298089 849282200 280382779 698090171 517107295 779962474 546253586
499751118 225861299 890848122 612766331 154179841 3160547 656164515 464259283 923833397 790264790
231588320 291930438 431212442 755722593 586463502 190754724 812239928 800673297 153715102 718454817
731845726 398317997 192351081 321913641 100379478 190202274 505499502 64006168 499451764 522041756
302263582 86660895 151990696 874919451 426006782 409592422 685879242 133606975 937201479 210147457
174255187 822282281 140965372 43608011 574950622 919914845 729857419 692933442 633439221 333115332
10269160 261496208 690138380 617403330 319344031 233521898 29257260 112210486 617604919 304198757
166803662 808885760 85499041 230521514 698264355 993106241 795863317 953388377 7300027 255568236
257296975 823007555 556965143 108881884 658004935 361468010 830740561 243078812 874151427 781485804
676508700 279048641 96846263 241712085 664268850 173866904 753509767 60534405 709456179 634988460
962002071 964654011 335609483 789752887 17149021 929903403 99651459 301360212 117817557 417584615
292621845 69811397 201891378 873924790 691402870 596718682 925480427 971171737 852987760 83089979
34135270 658861780 78965707 518248500 929738212 809213688 210696113 202440293 46806110 980228575
661552194 122610506 140053280 358637909 130296262 340372611 943775787 743581625 447868476 472888104
280597959 510159175 373157547 10346046 674551910 767576053 866413465 735460064 838926437 634978246
760356212 760790213 201229884 31320641 385933122 772304820 434009191 826021446 287851899 666908563
485774371 137748677 498871264 660345894 2111187 728412380 877524170 868544386 783886222 789599085
778676669 817934661 896503451 929171460 288742600 274473811 212013544 174419554 194493929 489506312
452005947 81549568 265009267 504965321 351947394 838188708 480360311 759084501 624334195 466122610
847951065 718186618 773234347 104615411 776493457 860854703 142106067 206508805 246797539 340810344
812886874 577344021 83878829 154612981 582624409 627382967 496572546 368733896 595761301 922633343
258614863 419102097 18459299 181050877 926308526 253045493 773846291 718164946 581714359 845635075
628595867 93595905 532046656 701434901 363317096 706798138 606057389 482246046 47125662 38196310
926364372 183517708 921404901 540069417 396432143 463034611 72276845 528965939 54896522 426259619
488509622 507457374 980308310 70314284 446189339 619596293 772037356 194229712 706509877 307476446
904916418 557662624 843168204 456550321 29336908 29565668 116926522 454851812 994489675 416535575
39449733 440820962 316560139 121584093 417398124 431359648 954115389 932793090 824067380 623012949
966691935 507932636 927829723 602296428 88097300 329753165 640985687 358120436 600286121 686455617
672198959 755793763 940324020 603930421 434496672 292736778 595032749 939504448 185014256 2606655
361234645 476604272 127194598 721265995 485911550 314640536 334544511 395506902 790047847 449011215
325084136 560292796 466510477 435795163 681761819 141238846 415372444 691537634 703518614 521836029
273305906 953983958 692638295 259761913 332659226 958790768 859631113 492166040 305051018 389434167
215493252 772642667 98296037 457835253 597126618 658990547 813543731 691541933 552574741 468207517
301762443 759200523 17041484 155741321 221528702 894713979 891983489 606458633 919112117 102287402
476540420 237824551 235749400 939017249 616362161 22133831 866104212 837434160 711978859 841785712
238185917 24304891 147101247 359270046 723086065 67367352 184295081 341305349 854530069 4543812
862623031 204069478 69719064 441062061 670447596 245137594 775271061 879314280 3608875 73929197
521447148 358378623 301099988 16367245 911969648 347134095 592242519 410538199 126905543 624152468
933687728 149754514 639549489 234428755 763871863 962882092 635750006 228333787 809851353 81990387
674898593 104789649 947443945 888748489 841450016 11369881 827553366 884433727 98153450 690871343
765822299 903627145 199683192 786785465 860625853 946110279 832613291 19933326 423679749 902100874
73561593 372609631 329014812 240907706 8890668 365808087 677970953 863128768 237449726 81221795
973878269 505696820 631365055 125591480 409834994 787826806 225858621 421700899 434858994 133922456
967494555 935799339 384873370 48825599 670783358 935267999 332392305 519333344 447536512 628495406
306460216 236670124 393917178 15255420 72199207 511946422 273562868 593491097 651494406 883204946
373108752 471606579 798629148 295714660 719822775 253814268 576661528 203292647 26190173 832859246
709326978 946361368 759357575 258258811 682221744 605277766 849452598 924425601 459023229 542730457
237903085 170569056 730759463 585966429 6352742 466144052 694333607 451293879 12021563 189803687
433998480 151997124 530688893 507747792 186567331 853833719 205470114 822264213 907659525 808762220
33210303 723194169 648762813 740396191 658590882 383416123 268842840 971576200 253232239 539132873
841794198 137670122 979587355 942818448 403382177 555954202 303495579 151869309 967823334 846033684
530475609 808612548 435949306 393770618 782399165 827853322 745930910 870922649 171313045 902293620
362516300 443783114 546058647 822712688 402107437 134328200 310178176 627214087 735492551 279465683
485082720 309091604 867477148 567666939 598894837 866560985 551144288 669993193 982298207 379547054
969647112 225322626 686668575 29213536 154692965 125464176 126706857 923473738 794912392 874784125
452525748 881347421 253154029 518595882 425025602 491109793 605628629 474975432 52961049 531698833
274978409 77754293 595056696 117067325 950109497 205397831 739979924 404791201 436935172 808510144
71362850 782430553 657082890 960015299 491394824 476731846 688425172 439890476 221968289 253081912
660005340 349134526 428712939 987122318 215389121 591056465 162502850 612910829 898516818 561294372
295762163 212039880 482195919 323836873 178463370 919705078 126444651 110027998 526175197 980887387
150405930 856806493 93876064 846484151 473520729 804649921 915814184 729040852 959540053 148705059
219601635 831572643 336117325 143298877 19795245 104856268 380670420 838952346 259546735 623616693
218910860 416591064 829102576 54741302 342443996 477809238 787735190 124581506 573422439 528322638
82301402 841178381 248030299 821302138 578040292 579915066 580912626 308919327 313445981 820422465
225377255 900545849 31573743 134389805 464272803 371256256 105619101 995830486 845661532 579841522
668626044 186185033 811273477 455201631 42424946 678823497 805342602 806314078 849545673 24894113
984047910 664903399 431505632 292024509 565899686 592546403 648305624 409799567 726472270 513196395
926284302 677569960 111531049 115495076 188820514 494557902 427616182 760606835 321734314 103787253
234549839 196847427 780782153 92575246 929394357 520956908 143739481 222618584 304135104 843238679
210041718 741442857 992599360 537165880 141273542 531908540 145692503 619492339 449068868 821533110
943546157 376498475 853812342 769868498 901928990 307024557 48287773 599668796 155576326 209423909
516564433 202407601 455239429 824109527 513495544 669530117 436208860 424342562 569653951 106388853
516158626 517696674 937165419 666845681 521297111 949111458 942249834 80222825 298372322 984865465
402343551 192678270 648265839 808903838 874341589 361181279 391024166 54597070 342886275 924479132
959822135 792696089 113341478 258166100 388488776 701663140 972372660 207402703 87607647 174820283
760377612 478531632 952553715 53816234 417116495 534642167 800367937 656915772 385560029 777437922
849495749 58995283 181925889 757220178 525888793 872881756 432994379 732870526 116704883 847899673
622643592 277340262 295925203 848908525 289886665 496174057 790909266 954748836 744291169 824064954
32237211 354151274 487647833 459186381 401557430 682085280 79146416 299781356 99165752 365184626
455649407 10856417 875074502 191372376 178082232 218431158 38878053 864127743 240452785 118718560
771968914 98649580 717497151 710401641 600930746 949820871 817177097 512622673 562077373 338767208
151286926 737765823 981020033 597359442 267028105 732894957 59625375 77130993 237553780 601358341
926929384 434501531 838458727 300702135 38684139 420180966 459479298 548321628 863800189 46290942
451821901 83452900 135915933 925913101 162190887 495882794 117932647 55308294 979957798 799940329
796663212 192972529 180889170 70330283 219059989 303848412 522572127 573747938 452880425 265378539
79842942 735992046 802040908 869161657 182605959 253940825 47104585 680480571 708484479 707599979
549325415 736377727 79084001 93521970 185727899 727606976 209639500 783105030 803974004 639600048
687183967 154046745 697601352 943256917 730410286 318320348 396949482 362992719 628520440 473179294
936856265 292512159 349060055 388733484 761576888 879371003 410008376 658334030 853020227 553149866
540626714 702995464 210936692 302116382 39774781 814230103 453674254 174713976 309955703 64282609
723472005 499080878 612168179 204517809 476283932 843152278 167926975 572658789 185694630 926351346
54802992 592687285 536172625 321526216 763070712 897426255 106414061 353779739 982676808 24367186
353141355 309368772 161583896 463017280 457122320 735273621 880201330 486525538 827877638 639612566
946829996 755152633 734732864 743563050 199204197 129221795 274978205 948346184 743758210 979363149
29848641 664366992 852655518 895325336 20771859 275040570 751279124 673624877 278501025 407121133
240978423 418019899 547328786 21031411 679752131 363328170 913479445 225083973 212779763 223444642
486779890 607466207 782652525 326772508 461618278 937610380 654499477 896080238 708456893 668416419
804077464 635728259 527391857 319297680 520390247 332450587 563605046 84597371 168530698 41393157
804451622 96378196 123499880 78962997 131664748 845279104 114480550 855837306 616863577 689953968
749272037 347340723 934984380 961525916 953606107 913505043 999605998 187926831 834562362 841908985
325126542 499822228 932143847 153494016 900536607 777645001 467346231 913552829 290943530 811568752
570415332 789318190 950187404 766052032 203826945 697154860 185255783 953770275 168673777 264800212
439378931 585414372 692614646 489897659 21165346 290647664 174675087 575861123 183267367 765322979
324675069 321945766 92943546 395424512 208069731 168648764 379940226 280586603 392796730 848097924
280897724 756431194 877065646 420642488 199537100 201752701 643169502 943195306 290924893 403962958
154377663 66065981 444617175 388192482 759745459 427767362 210046214 731380459 995715588 677065741
217094769 785441368 347852134 577968328 853761053 642122852 465610829 753773447 486813146 951112777
468349206 431509649 256096772 546850817 764426702 557258142 515493029 608572965 348637898 42727530
748354800 923836347 777229360 184988860 427100437 832826092 119907755 975380029 576371765 271995642
347114271 100264165 970502353 591811742 693289643 155796476 510732823 418192012 853379454 588041775
44644133 467454186 488537081 604983665 808280864 163695780 640802295 186697943 612697010 418022928
407273901 569115269 601269045 122975083 68138401 441502013 933705694 621074502 594589245 70221210
364622658 778688917 466775815 512864380 276657598 445961051 508192545 999497374 303139617 278465977
97738981 203541781 25929424 876941284 683553840 506103671 533342052 412781160 536294623 251227199
489644843 238194513 152219018 105854124 901168962 172362108 817606119 109596478 961396252 836725266
667695471 814961264 784250888 758921407 829246238 22635348 829968879 684609163 260773997 4770146
724339985 658894819 12889003 72809361 524470104 71873253 186579479 401080357 25553908 748980318
904836523 850072288 825164569 4511595 941602496 830049737 859567589 891963389 264679551 161368964
518730154 906673692 533782738 114793634 177496524 750913241 745946502 659506741 952984193 28608940
551624727 650624312 48864087 364645659 919042094 123975792 770162329 83588749 412942923 355800184
578726001 496387815 375679181 560212356 312874868 225922361 868096198 322998731 823743111 238472542
71766694 92964669 540093965 587117650 420432464 721939015 64002850 836259976 181638081 944927855
393114467 394057791 60280128 409294569 209485815 881532091 2096739 555022207 365861067 676091979
69009288 32670913 418539070 814245441 356782777 631874131 440945207 440619368 968054904 170035684
496141549 881244008 631274310 915827162 414505536 571376986 178612206 117807157 305731139 72238284
162403012 82805617 926317070 871411867 578746855 656165713 312181592 414713162 262869881 240896435
604616710 768860278 737004019 639374970 531105982 893048737 305708676 613367863 131410642 987513211
451881250 187671754 694688077 522483856 827549062 373798733 377990808 892281745 598297164 355205212
651650297 614606439 815351543 496518229 163961498 148164325 798923419 266018530 875557537 542314472
696704926 139789118 691943647 134050696 248568618 848407680 829884318 97060670 140010403 794561500
136836666 761778511 287255730 909593173 571088259 143350786 239774767 856204473 242911306 323347042
920885964 524478175 512365137 24482860 54436055 427989034 825818233 265661325 292792007 428174354
685255495 165817725 178220868 650267780 550152817 414739881 261780300 795343209 790265473 948006593
467881148 237905716 763126174 559805763 491714287 815677007 329420141 175341514 336443123 521288962
147572578 884014276 160754511 924335575 368144858 448915685 540408272 660913503 82291328 343288750
900234037 326407842 56384758 195559035 192486929 914426135 382293590 725902104 817427091 80603349
869792933 794704193 760670814 383211043 503778999 484666917 776237674 529352853 998159778 347972278
175828117 907757813 233023988 29312113 620858173 472828587 60787800 320684515 285781315 796498970
822306139 607250402 368478507 572626558 703924570 36319331 165303761 368231346 777623369 276285459
23550798 976708559 548498726 18567785 868237655 785398978 846106161 730211086 827148449 663970649
325520576 552438211 287469935 882699947 139814073 47789645 483248779 809857648 312567391 174303171
881928521 170824393 525162072 47767720 431507582 7468413 363319310 798381932 444666222 832446777
439797514 249979623 70566380 572080525 38406103 584985160 863488951 441552322 111149906 530147557
525238366 784739341 798133026 82817904 251182782 127993403 767119784 89509707 124776005 185072172
378850879 331889877 541373601 206543771 267198061 118823135 628990806 515609869 923207872 657438867
920209277 963043907 184721981 999027589 552808184 740504906 918404430 825232027 349335122 14264906
681703199 800679275 482175356 692905461 216258714 391423345 872800939 967835493 234016146 187194083
722571695 780364915 901761226 984902264 354741275 424752157 836396470 693479391 523317190 938218971
849068082 122513303 31639782 609708275 210878972 933027799 275879775 277980738 35327245 202658124
644775225 322967675 924796854 239256579 226023234 985496070 433834068 908945726 545492420 838635885
900836958 832346702 542628174 484682834 821528405 84769105 150032359 35385354 173218489 829096867
573648089 345736707 535356361 347271764 263720771 578488873 526685412 289271404 179067591 566861775
23291926 601209846 847834492 182776520 231283008 792994091 779856349 995294732 972325542 926129923
329854057 589152169 383670244 786917577 990826179 987987225 276968873 398700362 251535737 731452307
667527014 839212022 452102388 830337489 180720906 907975468 683580678 409922592 649837718 962205574
328496529 607926788 649524202 826832526 285686535 260405357 313440905 118480428 366549587 496238603
122348590 497203840 494715525 419027648 713145172 733348335 631149704 479118143 52035675 625133104
216301112 948025294 478750318 803560976 781867103 425594173 922503951 638682294 304429991 549926161
404285644 575959503 962911653 763446907 6421230 246182648 560111308 430616379 733567641 250580840
546414825 375319973 837252283 507084666 838645625 263243330 529929210 892071968 841325344 890811450
149197691 174610883 757322013 912465122 429424634 319153755 244075462 863034769 243332459 570159395
77960203 491029696 996597708 386585743 826794388 461293986 519241421 506953238 332416121 959102306
278989847 63028957 657761693 406500927 242021275 85999018 469921898 819596598 215687057 73719650
822025905 854972965 610665332 844679521 172677021 563494777 835786436 743596458 834987105 266651349
348600985 582273473 2781870 477929188 550078786 663374842 962189503 351636154 48098271 219964159
931090624 55597783 811132736 713029621 772231718 87361357 225191193 945054459 538817305 618902252
408668273 916852407 524361574 459504662 51754519 849243273 786640172 813682629 531587037 468682026
527537078 895649807 187503567 711994005 344517696 491460453 727968225 914334186 509551338 639205152
895979796 641206205 454848629 305211634 770047474 15385647 853889302 763709790 864534092 203672383
441235138 728169787 420099777 745963799 797627238 574802211 946057223 663684767 308345163 291569701
728033227 381586180 937094241 488526558 436816030 331164654 786110870 879443972 560003517 272834005
284469988 471631270 889541081 556235938 77182635 170741500 632007339 358805936 110475681 973949628
117292252 450271856 911207397 481278475 228864060 577736498 292123538 183232782 551052670 128831014
107829935 633612063 591491031 853210267 299774898 362148183 553965636 995232808 220651626 33479874
311778825 38582792 595865721 179678549 948502203 14557998 186944670 734169772 223442317 821970280
865544247 93296276 168151917 677057728 670007764 687686922 716496618 800014298 904915326 602860834
492194771 219243203 481316423 561826726 257844614 158730609 894666204 175743844 335677578 341676054
239541777 781527968 356376449 765875307 333852274 880356451 630008058 329445698 129958705 870676602
710714496 382264897 902051805 70318887 552078706 787687130 489157623 803724820 23225035 610636477
486856236 490743755 943143491 708232410 772249281 292419107 464235372 632008494 484132811 498422766
167367333 438102604 387008112 630070669 567380635 466534069 527644650 709542478 937221235 455624507
369147221 834371046 683486610 518973083 302410109 104290917 292948404 138110079 595535096 971351660
145083858 923273586 188606260 282302276 882550319 993032675 27399655 563226001 186782894 27179772
445943464 738694042 683413683 533323936 71431585 42106663 763290445 723058954 118284132 264708968
370166307 182466419 935442802 878469040 146872206 144255192 240360265 320210855 708617630 624992226
69539423 22303284 829286383 126749780 779851765 114331713 335521357 516563180 42263427 997241038
386505465 849470441 320998678 66825799 505587211 974347816 912987106 970373051 511969624 254311420
7295984 938777435 485573315 370077536 571191647 638166297 261959246 902255834 680485283 771396704
105078349 324067991 826753410 451039979 617693277 275391488 679723572 251057969 63292205 756110960
791413489 747638494 492629535 772107496 55574495 680147243 125991587 923083388 46183459 123407750
179441627 445267582 59311966 863262529 728622361 187608359 478860977 298626364 106825134 338369618
121292060 425817415 608275252 212138517 255339776 604553500 110352812 16890174 714775049 542128261
635379501 763168186 489656228 260513611 172063810 882194893 440845779 493854548 16913485 644565301
7486473 212170137 271545509 809945654 429690679 727353063 822378001 943315824 17458913 249563921
458934462 167153953 111514512 553328612 516197959 808274232 961459226 528914457 437444274 571114114
196782344 65823461 192511459 953092152 396004961 744973911 333941027 82308454 881232290 265507207
18375961 605952664 269790038 494978608 464082367 328111527 532126214 31483612 645063512 647187825
174885215 657997016 205982866 630167546 697133270 772910292 89570179 306046497 403163827 198952432
444015138 443272874 617926213 441009299 850394785 469401856 834658967 753189963 520251835 132273117
752199105 361996404 430830655 867211506 142724592 662320213 861852310 368331127 969885962 283594583
683368610 232751280 435347346 997439412 854703254 694780070 597734417 230127374 922552215 476738049
780903810 549877462 748878593 544146065 871112711 427409913 622146092 415793118 35537015 886127321
12539932 489787090 16262359 373845085 830489091 741694523 823818089 276846255 309653101 172300066
364266713 342631102 195733387 401634013 671237499 927568333 140929161 921325729 328804047 930270901
359217172 370931894 48815324 557329175 220890825 798919744 90092581 890946379 516871376 818442217
864585965 759662927 507510750 312656402 664499932 323658246 285284769 313261563 642165636 605180072
147334116 841083909 1613112 943283203 299368864 223776667 908130183 854720404 745730912 322156951
449233602 849683696 304325512 318188410 330151742 76615575 926057701 441220594 568762020 289735221
132932419 234562406 805310968 321727078 892702655 509698171 114979829 783105438 189729694 97544097
973937420 879978635 989104765 861980396 51099940 990627431 688688735 298189784 13953666 247066686
744716516 162863410 781946971 126260981 634243688 808247527 276230811 897972073 929617742 967849557
350010602 932563150 964147457 74176514 959651218 148844671 545666241 932725872 813749884 287953807
402367778 178027390 931481612 170432486 960764625 865991243 526029312 340818882 763141134 79568933
495867681 963503864 100960718 201605288 396588089 155361059 374694828 974185801 565374659 883449895
913030559 307554969 813276495 396570093 991639458 653971025 766351398 927175931 974280092 197525925
560199164 530556419 399682238 920905118 327658422 119783909 746696301 988224195 276924741 407074121
524639292 922237391 273215236 237652421 37180672 348053936 555141068 997145920 167415432 947066392
415451965 968421017 658668406 805141240 566130852 240422894 883614396 890272732 184356511 834272044
819111633 553312371 277283802 563183190 7724998 305227146 900852694 436901215 949615384 783577105
761246449 242965228 925787086 897366066 607561251 683091574 424783515 465006579 916506141 384555103
726757118 459262615 879032624 409827780 284828233 156558869 453774417 776483813 875605534 954768460
579038232 72990980 821566371 982228532 973609691 849042085 598822529 990466160 982973165 458165040
49660888 77858202 461673868 29839999 280307361 493122979 569126376 97013491 887999993 253412824
80916285 233154251 488264372 165820614 140543951 350335556 436622205 683273297 535734988 628735430
810417795 949998675 749971558 405739063 13929796 127208249 899469739 518204027 264935663 605151369
875184495 430174678 475947556 797329003 906044689 954601341 137053869 381153517 351650428 593508596
961210961 359361507 786384663 130114499 440066502 14846764 239451419 214755879 906315236 972030959
178960264 596396355 229243717 706267968 974967888 370313251 822236984 848957729 305092059 705885240
537283741 850743556 517824041 951993442 404518573 337194598 839348265 259067598 725567299 740152742
387899440 539293243 744207737 47571716 628556502 932414099 605221349 342083159 861619527 303465214
670886264 814004295 713871846 138079186 737546938 464536834 122573305 334109835 385238776 994709120
999399212 377137613 957545052 851492774 321928147 638177460 956485511 390902116 292280242 16205077
211711285 840701662 36393358 999902576 796344160 885025853 737718051 104091537 329399517 939968800
187974032 589106872 328015098 8513384 826531429 91959299 313486076 715098049 753212635 894311555
246469413 457669236 794777662 548690808 945723395 848484706 652112274 723160755 588843017 173902960
7657046 439149442 452905767 752351913 432349962 999487957 630549858 486152102 906294138 642571255
811314695 348826070 451477757 581412814 889742565 981645449 952625480 749676538 130866152 93021951
655703020 726275908 557475645 244363771 405100283 16953137 34918067 710925542 429832939 969057028
148594408 825059063 66509645 515329335 644434038 593276132 561323677 108704102 452178137 996296310
31571566 378079639 725259629 684775112 633174529 381470590 1685614 368206007 571659638 39564638
250856035 651911149 519575971 580900067 518812799 403924742 696014937 131957168 64183142 634194851
25138512 750653201 140871109 149143905 916408997 904319888 947006386 548156692 704362618 36463138
375229859 42407961 332794593 674376974 907425760 6589572 902045849 210558528 447308175 330402546
382220341 807676623 219562730 872939327 941396546 186400006 69038439 348432598 428143044 569271377
256961126 324577194 527000054 996831417 945358395 933871394 272882306 817398494 750039895 802658006
778123421 751474763 222871165 648907843 305141355 641620928 774854004 271327575 513687254 258478856
332405967 311052981 460293950 781581006 75195322 384503491 91136613 191074106 746581900 583649486
435977119 917095341 986939392 284179549 12210608 186043622 376104148 760160029 113541704 617700475
481486468 268661055 725703339 76379446 440986601 805334108 887022790 479029372 421403671 550336567
447334481 835635724 157035134 429735045 98988598 251946111 156348239 568022306 568984948 457987038
256632226 852284136 291743097 400597783 454883574 274425006 510254761 345139041 94445582 517935418
207451564 342204054 186736631 498492257 612797678 573148267 399100922 33097733 774985137 836190066
441382903 811926241 191678659 31613964 333556770 302965298 136748797 464130364 753713000 764560466
966684769 4650896 913458064 785620820 592236146 193082563 575356128 845991632 162345241 601563439
505119631 774573285 88663958 831789288 362028054 903721064 836936506 934116115 861346520 821563667
274726132 995874451 7480869 857056075 900212905 145834503 853610299 377260854 424484393 778254334
233611211 91267969 714868369 706811919 556059637 992577614 699655998 566404102 334434261 285455958
801935735 247348186 525980659 512111250 146421603 762985990 90277983 408604631 480967296 950823809
575364236 46129390 54815089 531380817 533033331 138528002 94806624 322533997 867436806 577276108
967942432 450999286 696111102 967632917 930917498 681436258 784960883 893184555 9600751 852312788
958752830 248724063 757148527 539081850 706929805 854812653 253215973 993687087 308035563 559301916
65497425 59822851 4306957 354136447 36171921 246476716 69970940 178161105 436165616 388563971
969626168 736410748 907881912 419031682 296160123 9626133 843305373 984314960 896378406 488270779
140350474 718988729 784393289 997256503 468994445 264380161 331912529 679796554 566427814 121098877
414656514 171485953 995407636 138391476 613674268 100457096 787224963 458741582 309286948 719699935
844338287 170668416 122448406 456177084 773470879 165318290 124956955 335351053 396664588 575561791
235301181 400152589 338461548 994464301 658225212 405878931 900169979 771481187 377893913 861658764
374938138 421395943 467999992 217181652 867868533 440190054 552337026 451392823 626282125 71185722
485690693 174956901 700330275 752835644 552642480 766478127 404880452 907537939 859189044 885406061
944117030 5589886 440676621 692877756 994158396 156358036 208907029 347165508 883738302 251129167
143145924 754953163 847766538 521862164 947578900 547831585 174015271 972559931 569613354 777536106
121097933 819824836 658368889 590863130 713828130 742112418 912754827 594180141 672772814 655818262
422318718 936594310 156416485 141961318 78811845 428315823 403723193 892068391 691990828 109044045
218201131 85224400 610246105 665319242 174790725 246534101 39958293 633005994 590126428 323807237
127355592 771702246 281960612 857098855 886161806 308511493 930407711 103546282 31059742 247890989
922918837 483477066 181994362 921833247 812314496 744636546 55759396 383164718 20772666 577313183
336187970 651152598 544538910 246197096 847476003 349220775 304584710 424900117 248031721 79147959
110204255 735366782 939682192 9610329 944362944 545308168 381496606 569243129 875803476 842328882
654392644 269372858 132676595 811966460 166791007 505688849 616487321 527071087 70268318 508637121
914765147 751508025 300532287 274939127 324589347 788115615 171864823 875911359 6647821 335261411
660901592 68166570 444795092 186934647 36046788 298932087 546048096 952128205 636668255 510617750
114903318 555008457 663421172 64290353 928149270 550794576 705005207 907967146 482612843 718882584
904589026 271427524 167398013 25776317 50586783 491543042 366720023 381257910 831354802 267310017
846894966 926423902 627597794 470594017 540065019 449776133 776456350 573665584 249095127 356177863
988824653 137489763 324857017 3750245 15616926 144884807 366793520 400849925 985992903 940637069
381611320 668761540 486469565 290370628 658022995 356845013 685924547 68452514 96492834 909308387
186570975 815544394 272148549 384704430 777098474 86686285 675144864 521837994 302998437 312019220
746472067 41694233 994064989 611170959 930931419 709929311 274290255 289738609 977526721 354079730
642528531 851796345 122991296 827991354 589718187 260878963 716738476 830732311 742903071 245951605
173785023 546476713 198151415 763226175 307057446 884001731 169390595 456158680 288686051 870030611
780902082 206282772 809487295 587876592 217460481 287890141 222110869 420900955 822562916 873825415
222572189 9009878 923236771 552832404 121371020 463036660 991637083 210275455 117801287 324459695
943878773 453183805 136134113 126071555 766617641 400136753 945248627 500558442 434605031 584736385
614237992 536568384 151249665 459317068 858588849 911480667 413615672 921980004 437850028 250364188
465392352 793359366 769574112 369576742 206674367 904860222 962968275 653460828 113143326 75840592
527509096 509014177 902532776 991788190 270401824 261676345 335472920 207334570 32288779 13118212
106592397 130329138 570010369 2627798 124537760 758682842 750927822 209097554 946171571 297502754
994787161 839253252 915320621 435730411 427365773 146624017 436971419 534415995 996013704 619167963
900735223 133967224 364028311 236410364 352089083 590489513 629823581 893504770 608907242 836997043
727848171 567847035 285785151 777367900 398734925 623829126 398605598 687634349 236115719 139024867
77937837 819710314 155902386 833965021 434111404 713189359 948487679 134976779 986458817 404487099
663409989 386315793 480476546 850630265 542775828 722779503 405002831 359884043 815816815 428405923
192573543 52552780 388744704 495231478 270996391 65878127 137205952 431483247 756100563 110154012
424553166 41843530 543633794 159925946 640592924 295117636 149309700 198961489 785285163 756497147
150403737 597813068 118093281 567317947 945016034 187441424 705080564 403606150 16234539 298166710
833824567 940598894 896231594 110396273 232364521 42499975 737772674 198081940 151473508 355199364
984979361 710183775 220373927 134434818 887965395 861610821 438526574 977077815 329774547 698822395
959262259 260936671 707177303 400343743 636468097 42701533 850763300 784601756 509557032 32081107
45636317 995353954 643138706 738070725 915304768 346361356 497062068 888945493 203841875 746217726
423967005 464274558 440541995 383614782 854576283 980528453 566523825 280101148 448654353 973074049
196199941 761007999 790495593 905343620 796629332 254151367 582325647 112544800 665694212 390835587
35308442 159137008 714328700 963660813 306917211 461127044 21499126 170716304 950704311 656191213
916100066 569843678 51691532 997168423 672398702 876401771 443390037 200144892 303377948 818266258
867409843 803586323 283890704 275831334 456470599 58734314 312341921 519276857 474645680 685533978
65789345 580829103 691682574 729757639 163046916 19881965 796332463 23843220 916543001 248758201
595452649 7705093 759841801 17207282 933156091 871005111 939350947 366491243 657098817 309114083
990451699 253353854 573271901 133870633 582932351 436029631 650011496 896404042 671126836 560721004
717187491 388776659 34826166 233788056 424363293 67283341 708380913 701014652 123688166 154703497
770570864 20249987 673440635 545468233 491019474 632646309 359395393 653710113 930431097 575261997
978633386 499852347 349938197 774334905 330904312 775578043 113562661 936123761 449589089 151005393
733587023 861814507 681912783 803726027 743990082 499313056 625161095 100137761 526801297 364059252
694652900 500971202 353649431 68468146 340758190 935172581 68718188 242501400 640778625 8679908
130009368 527279886 829231987 531644741 235947492 651735903 422353143 58244372 261122731 626171786
776433377 712521728 94127998 386779963 551075923 825808489 868332419 749719066 941857199 382378650
155499797 808488765 784733609 198763990 181623625 30295826 877241007 441626008 961971516 587654404
196081722 338172688 549449445 604504057 331820016 641623026 908888639 648935566 197955893 901810229
138177835 858939582 773663703 642826049 283469636 659485915 938112317 459550000 592034508 348691569
254570032 558662039 707970458 506477872 709232968 866816041 163016771 944076708 212261016 724586472
758836367 500140152 240624056 1673953 922596747 662134426 702242500 629985190 529827185 85251698
436696404 580606932 916456873 727375089 977912915 819800593 518057555 982422757 357827024 4304320
817266341 915057988 951745219 160558456 777029195 542992715 977238232 549096620 767389234 331088262
751465563 226058041 766188034 787734395 130772499 712163094 278659475 896551920 860238258 874927329
526153903 994088968 428094320 529602667 248196066 212893830 41637239 897375699 145244814 837156970
872660075 867853301 252537090 638454515 940874617 901801709 987907599 651135174 413659432 177406265
946851368 360085142 542251250 921158728 383314349 957389914 260572534 966120447 481608331 495273842
527089093 681841098 544711203 84485452 894300246 375343034 706850579 839081696 574636618 644578805
485989818 391534257 873249350 271707454 676545278 680675045 114342928 379474708 990181457 810087120
191612881 160501378 334750182 155084775 135023825 922709202 73839254 617998773 443065377 66443247
407920301 967217059 499576894 714471157 144264423 755566163 811417404 735115846 300529351 945472429
101595597 121796336 273528212 876973256 767230800 643535931 884863187 119670625 923733817 848040361
511638164 304720064 97203600 80657450 32625337 167279178 658111111 640155542 252818914 708728233
15015198 931937300 291038986 331189081 128459285 310916490 519134900 320549888 867168127 746786630
298148777 947699064 540661085 596918143 250814876 916706864 645772901 282945315 689069699 339156489
536586459 181218433 215359795 929414971 530417509 754558855 768649382 725838343 647706663 927629521
776942179 527582995 142302886 214016275 808910265 698264496 960329476 977672042 808710950 285880013
105351659 475485507 758227716 742335811 340232513 113694952 991538829 579157733 421341488 114687529
586543211 67425851 890223123 865764426 806649192 854255706 615741041 270171995 858813196 340198393
45375401 688508726 176919057 306213023 931777863 801204907 214449077 813768767 954598895 135884371
531917270 959362945 239593596 473760934 610948969 651034516 717038404 226809025 127703307 632715961
773185016 53108789 260351404 205930119 78443879 540343371 706927655 121097601 375112738 460194649
179527950 269230735 875005506 946648036 580565948 457996285 78694938 727463662 186609107 56198846
253896124 832021304 49238860 189796831 273564809 528165431 809743378 177625197 85991395 821286733
821340739 634760031 345225663 537714447 394621548 370868649 652366314 273883429 543727451 309013472
906086850 732854744 498389190 592773961 725377525 720647557 274237978 952492140 363269035 86393487
991351847 859514202 910313003 645137347 146763949 848406131 429174768 385128211 841690115 479969107
93788100 569059957 881740916 140296420 944035147 597250162 717351392 208986864 44091714 91470214
905665859 867829811 291133681 143594613 637909392 5928933 135693225 839356562 77401248 266737939
165649675 946469748 350638370 501927123 102356641 871072479 492201375 121713264 275678089 565623915
638340360 850054449 814490253 476070467 286910179 824648810 96879280 239682219 505877446 878782610
963837361 166493452 110762168 301914825 729271910 794965935 758207077 255220529 502431815 397514624
689913240 972240336 147497992 832945911 48796349 436466141 222432811 847891096 457007627 951413870
39439594 502070043 350469194 411118663 223001833 81123609 320928647 992537323 956758271 336422905
24245587 971322715 650846222 205407731 911791498 926253250 917918815 288334069 429274971 956054231
584050873 228469876 750924431 328996090 383202403 603637546 351025775 679683934 257911646 600855481
940135944 298825404 166574559 689999362 378746993 954371944 509652194 66929920 511799320 296073084
392015513 879365402 764606467 124828056 482703364 345310514 390819930 328325301 256416409 736818569
67745023 56625760 254153801 434202904 256471214 917254150 624516492 361248950 911655667 332528987
472461922 609296248 822418039 736753878 883207503 111334083 16248295 204433084 82033301 919616985
466522228 479073578 208736518 175808299 292481004 602160664 585162630 444811723 441802932 275677026
966126009 508002209 59433464 52127355 803371315 723029554 864112340 686597155 680939343 534407999
746492898 946822559 552168008 810890385 637616088 403848097 721448339 666480427 670946318 209927266
265829964 556596833 389438173 501563921 905435221 44852771 192416958 998333805 679191638 182599865
328449586 147650766 969364137 30725217 996321002 832734741 903054683 503767425 879002306 324966734
998708007 966378523 866910332 3561375 369588758 130905432 543508674 164771903 588547654 116762499
677502572 584909068 40362900 547272024 620976272 93901239 773036792 657755113 455634180 815294692
553622090 238981498 882720072 589664438 19351759 323952602 5199921 739157100 389812211 425391698
846560751 621374706 751534738 265407069 576775421 885949220 95215441 332200753 160950088 799767845
804807908 463333102 212035703 584160981 269865002 955336615 375445838 235229793 75416800 955268243
505975210 266332459 368728436 915418080 422878573 348839411 609033666 12281596 882705875 398339416
468208878 596018664 756447453 609972257 830478921 697277459 40987203 738099214 110972034 610978228
282485266 149211997 774519824 436104302 115138929 933242127 299114981 621227385 526786269 18165955
219154008 814231433 675377787 357471176 463580483 104646427 571945125 252957359 362483416 449598385
501395894 423261077 787316609 756004686 788093801 669788126 837173094 38780593 655516723 373656353
45953350 639038887 474593590 258750867 208695956 377589192 410472223 918583310 310492091 118960025
259976722 985297848 239828806 314910240 891869119 547591708 375892810 645757185 834933756 896979585
899017209 167792714 983183836 820006363 397978195 300712305 599573883 899495301 889526949 475514593
466693978 182125333 963729503 52908331 864157144 551688848 261103623 202977374 792858462 299535409
346965674 310457186 766910670 394614231 504987584 935035255 372003535 80894861 603044632 685255905
551821855 577003262 961240774 296351327 994327245 816030734 145965924 679277078 328046720 26506183
675826524 237808314 104485496 180957403 611454788 573389532 759218543 902647336 277224420 873170036
639204405 807290628 229493911 999933678 732075495 350013025 870236302 728561020 935051566 250703083
198726921 668952412 695259462 179762979 575997619 406473477 572964120 930438323 850962674 122057113
79960861 679784418 676958834 131651607 986778474 180509167 777293419 73990632 456433725 586321767
928175323 305556736 603544614 631020507 821313905 456716799 791182243 454436647 455562529 308438075
581460150 970231728 853180663 651480753 564056570 924343885 92341281 686482292 180218821 227425714
301937819 234092249 577212466 61909802 113051848 713611511 842984721 265982194 866984199 854742453
535869937 897636759 54341638 815059381 826451955 922179263 182420623 992774019 856211492 641183097
786381497 733080935 198905396 59694103 576905459 356970310 667840326 160149025 548266417 636807257
810096266 725518437 397399582 995786703 863245309 612752423 989691067 77852642 776792976 401924234
424618688 91373076 943793261 506839124 50744199 366116615 323647318 911368776 797227329 211409275
564160116 292582363 754082905 728846590 290274646 776705175 133732220 886672385 190076973 345314016
58038356 499737986 784963333 804114144 403952615 375933646 347034720 875864592 90741645 174303342
760344660 135858956 18577306 29312622 49068983 653802521 461918371 137574512 508671441 657598643
460631139 555465148 190826443 627127875 868804399 297557144 859996654 434580908 840043778 676552617
833434486 855370931 457725642 187051956 765563803 397567308 928598418 91475488 734059859 219308392
91647906 812174993 409463398 654201800 438150079 186224537 446593465 168562399 248063113 584712911
64394478 292700942 842239538 790993037 311943055 905575375 700406875 706564591 202192426 670342585
243292641 577943481 481035931 389439343 410871242 531802109 365411280 47806497 926807108 512770033
738755980 684719964 35361548 74487339 378016020 164153657 512385404 578082123 557890997 581953794
227825005 775885588 332027966 734875410 840913169 331757014 334930688 305673669 346648865 250172119
419660684 499792069 94775783 694769955 626748232 94938270 702017406 448690923 166773927 304041461
975074934 62307300 15977675 154141387 1065488 564701377 962322432 57940371 449032731 474042586
341503357 793423161 27030895 723102842 701274105 873623773 545037950 67471121 516426916 645398105
568969685 819081077 335346314 409133863 992441355 123974212 713738053 33224310 682016696 267660526
161540951 81754519 13776545 719925722 874741038 279443153 98965210 798064942 223461764 116758852
293681686 475254554 979266381 629456215 11410538 252129193 36579038 608237856 313721373 116479144
143273317 946850716 402700131 387382861 782542717 924144109 22999510 864736045 64230332 998663710
733175524 478119882 734726711 847214263 636740552 749430064 606274602 532454967 148525797 474877013
329374900 113489069 608025774 677237607 154893744 86002134 152375851 536782720 406368087 466966133
749207441 94304360 228875500 811979641 871632328 609042081 387366605 19427786 449736833 58763338
29434705 43644625 973231189 285853710 655351752 632382154 378643690 737833975 613661619 942606256
202990113 953553882 21957841 523696263 120365705 673319457 661682583 1372939 952757493 710594831
180268088 256044503 421596746 232458993 692838370 307499765 986331128 140599439 659127080 926898967
927717041 582575812 568067336 126833615 315857324 602001741 619520268 510816366 149996962 90648579
638818854 937130179 525827038 430915877 367736085 558301400 416962357 678500000 948367415 372527063
919969721 31171480 213375377 372474755 510869993 867735494 472222846 413644443 710675336 163697991
16282261 15600464 363629811 681714894 198713616 711783566 959999748 469002610 117282876 530378657
466298154 658278954 618112211 522237804 146652929 31261980 422726164 857789239 268558027 916991361
797865460 735165213 57054964 5099394 702516206 817895860 405010236 17861321 159280547 144599215
278496731 440223014 375677164 164777740 269015815 360772896 935117010 480216834 373135170 558107361
653386381 733195917 570820240 920449853 33794292 259613808 599274436 992077277 971965088 610796607
601588037 222919532 286204121 327623909 715062611 864997692 440155153 590146554 362829793 805170713
619152119 631464199 338558226 795947058 367143961 814945079 473010341 523716426 567268855 140012562
503506267 672654818 171235099 306032309 920385774 80862899 564309205 142797419 402135915 751175664
745884628 154445073 784738286 10903938 928270951 702099337 703277527 211829702 399206180 217348744
452558467 740095336 452643696 839242915 218319035 957549940 105526553 726637592 507164656 174016059
718681736 319770062 112888756 754257843 422645238 285011044 317907986 878429763 285189052 486874017
723571780 237537140 402715494 377831891 802801547 866605416 535777519 106014653 564651627 232796021
298076626 733396568 90007327 113294196 787854353 44983427 867707886 206953815 663285328 661565932
788003903 984170047 544784647 307304342 800501377 181324594 590932349 334360909 356296262 322280852
663698138 301645519 159761735 396242631 835669616 168730313 156314576 761259099 386560771 755945479
454808099 315126953 310175955 285868096 795742999 879358004 332663992 474792312 492778631 879878523
910849665 402229143 900474795 756842789 592265897 189634643 599066981 646587799 271902492 306589552
724336347 162068185 200990699 732582485 98876045 833649517 295330833 88578147 868974489 659712612
955593552 747419230 468756423 543091860 362061574 573990366 429318470 891838256 355755486 313658208
987650097 325042411 783694894 106751989 990757565 627255070 510311625 279348368 379460756 245368515
276356440 346343598 390839544 527141938 831871444 429908184 561291028 924960446 857685040 695189088
374861564 529658155 236802739 303646839 714165121 456781908 805913295 422187777 634469320 927849365
500276478 751167962 380872084 471216622 345330522 515412336 214406229 888575612 813995240 607107515
903676500 836396824 425793252 61041368 221898514 470294391 60548982 754293895 308006269 721189886
905933992 496295416 347162489 222595895 571765878 649058089 728767699 35039154 99977442 80886379
943288781 992395084 979584640 682068713 777896240 123299962 277752879 632690654 503789840 179879734
163348049 50671900 617932561 313316790 141867769 538310892 687036629 323994483 779764965 722368421
552120868 652672509 279454876 757668576 562721759 55972134 824668031 312372718 261366346 248503553
239974215 911383869 394121272 641432405 269339498 547925922 37426223 172358641 560538534 821763380
562604232 480532511 713553055 304440880 946014449 898313981 378488273 297672822 424914799 683735726
815061561 216222173 106431570 507200627 724959216 357202823 299293841 463739071 409453479 790874503
764743818 659790535 986166111 293986904 248399981 55839281 968547881 826095973 21464683 749130493
931314941 851711381 259163646 353091694 151533554 39980291 60080796 56087421 317964861 886816629
705125945 523901630 318511703 104423562 160761851 81641291 599873434 183725296 456697561 14356673
617905364 846602141 360341003 879671451 628872003 413117415 333258293 339761405 714396332 923059253
742935545 394271961 476347056 254829845 181078958 933043622 879149019 803274282 693766804 945086214
880389538 532870812 745306927 485933853 539968443 153176347 594132060 995449182 957641415 957397847
114458375 831324939 998190723 640870990 243913899 447633917 393268211 750284050 731570281 66749960
883195474 546352299 379895614 992575259 937458707 630111170 678106143 263141386 955365644 390573213
910676082 917650489 694752193 582586793 544721988 742948181 352474920 460175811 686972836 798798257
265774765 955972597 192515128 201642196 521101791 203560075 694090479 239373924 959014082 507397460
660050695 617980128 605222676 279701642 719968874 105251107 832769500 888361473 65886201 593225678
94892873 862181764 389793341 15199793 707203939 639427770 268729464 402647741 436921802 125276327
114510626 783548218 822553103 62556186 78486247 616481902 770901349 652967946 138545764 451872078
165381968 926091401 461266453 834368572 697136461 85579351 636862113 556223839 280789311 772831125
942040182 113437237 854329312 285942285 660458990 196961764 691210780 891391975 400462630 198676029
4919093 104209388 393715635 109163371 612656890 158453727 576181313 921043483 542654331 967709359
500815596 504513560 971893347 621304549 667200129 256783430 417950525 69561020 70939180 683169615
919310085 176592497 786370949 588093363 401232444 538504950 102142347 992401437 104063825 835735280
628582439 601085717 481350483 603822222 7098555 853409005 946970763 458803603 832071643 98688834
20179369 526269037 114802123 577940250 861792610 363669591 381401118 581896408 562838954 152522063
648516455 708293618 176969269 662145005 4690474 432892739 324435771 119504424 547592189 409729514
458883993 930462134 414037826 352568541 512230924 653500888 337960082 989940773 385133306 334985056
486269146 735717669 402912398 104973965 950378638 902333423 652076589 999731555 603849292 360033023
543338617 772098607 748792845 640695866 371215313 461766093 570870494 678158157 456597965 430361381
886130573 522605702 980242687 57670232 946915587 469553084 38445883 456081823 475647836 855925228
951066131 576701922 889007549 45733984 19266957 11582946 985256183 892029233 709956442 54896152
251793154 215592617 828608023 941589787 591898546 875782477 484016864 17067302 552401630 339822480
733198332 596060155 503764617 937369165 33337446 430693934 495940863 387643873 151271052 310599973
403042884 42008838 950599663 696357891 560985966 908835042 505146574 981045782 439885537 24981103
649168372 930457240 473726338 861683918 15199398 706815593 425528565 354322732 338102048 504904824
943451938 512408424 728710317 159337815 100588326 871315126 300307845 467387257 670334910 99090858
723843622 200885951 42631434 546354094 725277132 800293443 352419516 49341147 548868143 968681277
864736638 166153555 503843731 69371114 277750511 55280831 706541693 78127209 715013317 110499227
118346214 748556820 654665358 772529052 465625539 393827791 632391320 589816893 159661544 77981183
174361489 960305714 101915272 697341406 980814159 140198350 627716458 280032876 812290875 107135834
924142916 392377554 530844029 20100000 106677685 87306166 121021027 291854731 28433684 882080459
931467110 599625197 922019460 259639876 79891373 406089500 303588001 64370452 242987046 961176431
474855654 49432734 478151245 588233154 514840554 323878089 64618936 201457356 982697329 58434635
336462050 554253768 167536455 385442193 997158804 933117180 814707463 122587211 310681265 39494295
36810566 774089616 209704086 684920550 776728796 787478626 669489583 56072141 239745762 881858760
714281699 12982436 524252981 811353978 363366704 880787955 444006878 457552383 521243513 835201673
146552456 710182899 772587016 820845584 190706315 713948460 543197591 104021850 232535376 146767125
768291086 270379655 986957003 987699667 359357741 863339460 998335544 234120425 405942213 198996270
180122274 34247748 648266196 73460988 706596970 647528685 970213573 391659687 699053981 467343444
66713781 887467957 83283007 967388415 464940052 91115597 976010346 873985645 63343835 222541366
464423518 86922484 342137187 930267736 116794013 3794853 175344440 643784362 601304562 229513131
850435846 930442560 362294525 373992710 318680352 196812049 81868339 190280619 845501145 820856055
149191672 730234790 209084612 363922877 656069492 894113416 541798752 863095613 595132353 636138034
465280595 874655069 792703499 321696368 110846476 268040667 178507348 647010081 248531421 549593791
988094922 266563067 304415963 580995474 761903446 328399492 109873296 620117140 417906175 23381204
706071006 408916605 373514255 487480991 219603715 239011536 808928166 730988623 49458266 981208003
859826572 178333068 70231550 581201346 562724021 748713475 920734982 98085811 108725677 331445862
302412477 494156296 151194720 444769039 809905985 259952397 222753219 153055393 928376692 628451811
875136801 775597969 571898821 594252354 86643631 278616815 455892631 320698973 809158086 70021398
571303729 635148969 390796418 192968222 844084597 647654551 38288677 539491548 805083516 352389779
578343289 876073918 638681937 245992953 699156398 208936943 783019043 150960447 840645560 546322588
790412229 209845064 610247935 122459658 537987172 458627696 702107664 307558621 401937861 51097651
494743877 188490846 482294052 961258888 584301750 690800190 313464948 891567840 445947562 694214909
520001574 879303976 998164691 70105971 334622170 127198567 824967091 56957899 624027242 245269342
65119558 346171380 662960547 590496360 585064648 969212423 460358528 973720454 920135493 20260776
257150938 248065758 187918641 546304517 558904346 416572786 162184936 597244190 225132224 798810757
992061602 284329369 27307454 726909312 219527693 455117149 139829517 122475619 749596398 290462233
688534252 566548869 609007497 195428199 221363281 499198181 555261549 773959203 883656693 569998441
31859219 539387380 201348584 889539182 429733160 266877068 302331951 790176500 88627611 489179914
169484695 914128632 636846885 279029855 962987005 702842197 771326411 723294240 309161811 670294438
434753348 691511333 177416494 889678439 642724971 21316593 233499152 420580279 496646030 804703534
650786025 282762599 961746664 199322537 287464551 877608249 329081362 328853372 246787914 792153998
984066542 94444660 1313781 546838994 26189794 602717405 747219252 648330980 763312976 558087961
732639168 678337273 67841356 773170834 878150889 779190910 503333517 939819353 825356305 718178660
275733963 481791689 315187840 294391350 492090145 252671905 550993270 212418178 89180904 452406686
872605881 112278088 272255094 705343877 675015666 941494445 245771845 653054121 505426154 731523741
413749244 981656572 527128333 823626101 129556063 666592245 719414695 684772938 461787710 346877811
421818519 137660988 628369427 545629809 419064235 618925506 422996677 187724013 167224689 945224235
70460072 530327307 976229920 445082869 443011931 818519496 616293090 193688412 591662191 318115694
219312708 842511912 371364668 207491242 987701082 517409329 170721062 645626500 425395283 728222367
416670246 579317842 192537746 85499621 839692289 87053679 350627865 908695516 795868380 303312023
225591658 2202849 898562513 36480802 320738305 207080160 181436845 716911087 731044847 191203337
567176380 492134922 220892082 736450523 766510055 362121974 805146673 746941190 166436714 296080544
511641386 238537296 701771354 729195639 797377056 300276644 489056086 118103363 749060335 928769715
681997418 641340113 801467262 746879199 338412999 450356486 667939505 417309927 691925694 914016555
988492249 373594932 250012584 941084158 621622277 368519789 305015488 485515012 377766222 399820214
313751741 344584261 272744064 642978118 293582732 763527612 489753858 210558779 277336469 548166350
892556342 16463351 409320452 960747686 447408479 269114775 39549344 506649802 154521600 130561209
189439390 825750559 175319134 176962822 642124810 257685066 587760331 22148225 350681966 827635703
614486717 586744340 160780354 159922714 906978816 941729479 793776436 162060396 720035697 593489839
77767717 582235310 707374072 403287999 964908364 603622864 739843245 238211636 39733668 43513386
247120392 825479799 852849067 152674892 992769989 60529365 547703650 922445961 734283658 446474923
658901045 584804196 836502821 35842070 955006522 816463035 134978219 53545429 733197215 309253240
124837560 839702128 889154723 21857219 421767825 578623163 473448278 833239934 934103515 771990766
30253001 812865084 930225961 203966341 270277316 182011145 170785131 681697096 847380477 715238265
207290180 562129492 397311620 644318825 589078932 474720433 964437778 77419415 392466600 392686114
143012207 382413825 904762098 871267204 243938233 642982427 824985159 135668061 47722533 119119219
701925177 385739395 992819451 531132759 578768256 629121211 915299488 953715386 507542825 615141093
16874828 423954759 527924061 257570991 612017811 612681522 707527370 552732215 361988384 422479885
750877207 269837468 619513391 673233149 552886664 380887971 583637032 309295823 196523217 5638977
672132983 485211986 186076980 331166178 311845778 880722528 494413257 969044499 367815402 58369919
266340164 449769062 836626477 800727740 154944662 801258326 793097621 471565096 72090474 504702431
214477033 820986643 260717705 972638876 905333882 990530214 971177344 866947533 979036174 343249908
984977378 122691523 145202685 183868654 891855538 194479416 65507008 270707072 128961189 741051621
877414118 21135663 904070757 347474594 884962643 964013050 804652501 364903267 857491748 314873692
729456624 643111591 16164607 485032558 904376701 199888542 723781404 264586004 590331077 883875350
395467392 383340389 167687483 146723444 140271429 384801972 740971374 665515255 193270516 519100842
18607521 873681914 876234464 25789716 65244060 658778336 303132399 509981944 538224819 46322967
738245097 18302035 334408584 211362772 827378360 798808467 421151645 222468984 608070308 477128145
627275467 505398642 600312662 119868939 684798429 113125401 485522764 521187621 935802048 497463126
964006358 948622112 858959093 948489915 949883008 539290641 862164819 843775678 298097341 532096898
843777089 851852992 782912700 420697882 601397822 639382425 644983561 792007354 752760469 136032133
658296998 98223462 507047944 768599892 778508908 470347946 407977628 970201408 827446143 581368552
858958966 395039938 988509189 714986897 391805132 412654467 902681389 58295574 58058450 869881801
119355871 559933628 972851117 551801389 296331707 414621604 792805399 704890380 873033709 405622433
693368138 630359096 98282217 689062688 352102168 789648841 735292604 751972532 746224261 715028794
617937128 718983667 541538404 967678111 919830960 266603811 59306136 569605592 810017788 356291707
661431197 517641824 795419840 416850647 785151635 860665093 585104987 592846277 91002149 178999071
674409019 13966681 3467233 899770881 364792381 653976815 105203109 304430127 197256144 665170498
651260608 147293738 611683549 341487497 680801658 422595917 314855231 644920592 972487257 532824288
611075435 690047536 266334958 398955589 129516337 290152589 715992316 838801944 107127985 259545077
414648537 47332141 757218698 633596444 963786770 914209022 720864752 519990826 544785034 609689224
408399270 729816913 380121479 866255016 491768458 519767694 575422900 888932862 138941409 475737065
117967347 511912897 459990296 168298600 821671739 955933750 765556552 662549092 578973096 209871163
351378592 528232646 802767134 888224187 379680365 996944061 585460455 236118236 128313218 341758559
961648549 804360320 130544307 690525865 418572677 361559026 414650221 864551451 992993370 838297451
849893714 804463249 66107571 869184418 925832766 400929137 700844659 478830579 97002831 379134846
958605962 852258108 245545043 140609157 724889094 714226398 527646277 134219054 686051978 192544857
829817767 144123629 621577207 128107590 285923017 888062758 178690920 486626026 129325643 190422338
705666171 325184308 201290492 426341042 27944476 91794040 74796115 298875558 829078385 631677448
647769580 498918859 825845827 43246435 272928469 781691844 892588721 532088157 615354582 452224443
525123747 622257518 506836172 716133129 670349885 381114973 624096278 828037675 559228311 321052694
314324633 615337586 628243815 231821133 876510471 528748757 589287369 174635128 775015514 255309954
576224856 767235988 139587668 815621959 58352848 182075650 943090928 108991903 272768663 962268450
877945477 839945938 889996176 259789016 933143928 186128076 256880109 907487396 9019119 951246784
611550720 341891693 162885453 872895973 440874653 442975602 545301607 404439635 618657533 86784052
859967597 920270298 431806009 775122738 502878379 740157624 194191182 744609566 505959339 102813344
251458342 132293027 24667847 319461250 928563421 147021009 631280059 715855315 537174994 983454955
43561183 84423323 449590187 227658062 602316025 746664384 669872613 673956445 319228517 923551366
57001415 759178871 45892755 263548223 39792438 222727816 713653922 242367519 405827819 548053959
798120810 414715857 372629409 533313385 771701680 475322128 410404038 900140779 479845599 960152769
440080895 74480308 226198102 248264875 357938715 91622745 930684834 984125749 124764248 447006878
900260651 569453315 134230255 81571966 438558126 103233469 59147081 397621067 559130399 297270675
656678377 648873947 602545009 221945956 188805966 789855317 799274208 893338876 955833154 856888303
137883958 921092048 338149451 170317685 251348238 204580741 347045228 126281810 680993323 794548306
18687145 82613260 703706299 658728546 264262538 184894377 420658355 829730754 627516868 400973268
473408366 639858637 101944364 131717919 129103146 248153967 355036140 427992341 99711571 960455601
536905391 518911549 821484582 528367029 173650816 230784116 531946098 373411140 421404185 110817671
825665716 484851687 28869601 133413388 363388372 213834470 682373062 532301828 593924181 664268142
641449441 424032922 52078040 447408143 544909633 212606810 776650527 966934998 811767643 609460968
202039388 795257551 376878555 841069184 818960188 851261813 265040290 144985842 923857413 224131177
53348505 256463508 905075940 206974054 825147610 954726156 422151202 96963083 692051362 170577788
606506705 663111108 71716591 712881952 964057443 502238246 921157201 543585927 660174191 150888321
798201261 725595015 899014784 663589372 511813750 397915638 64277852 185994141 857804782 486799816
345966112 92812346 533257025 854591587 228157940 862701099 984951869 477759052 387843156 745877051
705894120 877394981 131420476 561938688 710849177 250414312 973269075 161734951 413362556 780327392
270996209 582314467 244451059 885228669 500179566 931719068 720515479 830179270 583201174 258564438
196505131 839163118 253326855 525704572 519704253 729116444 381311845 81300979 659370300 222110315
515435307 410230419 774235477 710709124 972520399 652661915 515981718 687668105 877326269 760168098
736163187 146879557 840818587 749274564 963510675 393516655 962598702 15487649 283439394 705013102
517753003 631566529 572389809 227498858 917458445 240090283 197241050 852676284 665501979 333357954
267161749 560985247 744936702 335745568 246420292 988940988 773200732 54255812 381580231 249800596
274175541 139649454 778018010 376785165 186880310 896098706 942345315 268252550 871909682 134162139
155736488 579674991 877673774 131583132 264020749 719731096 79622168 163648000 167087929 283263150
106129366 120962067 114277807 328304741 652918610 293432400 746979730 232533265 978909987 986737001
331310322 63407881 283349658 178068803 421170969 724259403 90133136 313506725 498311357 253566930
910621261 682099007 880302395 440881872 403087140 753931218 110950051 888392829 624047722 840093871
25587188 674393506 271910555 543506501 331218040 447472076 480238915 239190882 338059385 949013082
376839917 823760488 142470363 778259610 245909371 590635441 789943154 16506409 953799076 581395909
883827801 459917524 928077122 900997917 718913186 639298916 882822952 868768085 833714428 108186127
75811912 974203995 231785529 830447845 705769381 708500190 186616537 109120443 745737833 282884880
813152993 418425930 474451072 460311138 286476892 615668579 456471744 133788185 359756996 345983513
17842706 88684930 939653866 549941005 683256071 416607509 370059306 853758315 228752577 204061739
190534586 865146962 411965103 466747782 779158656 322724498 48571098 702175926 27848587 468780910
513275800 717981533 98438922 487940720 790136418 425332734 977239643 206985329 307325102 623635478
735865703 705973501 848918805 901203912 646979501 718360351 420621474 404974567 29843424 50241819
70271720 947805901 750105651 190108472 763980484 378739998 461197102 820727735 470632026 696078729
264254160 510010578 832110886 117058715 779477667 757092478 904805014 123574067 153608804 599534183
302982594 702754443 33776331 415369078 775551626 905505308 459185115 396017827 634168748 116187067
841627459 853326596 915577977 441959378 193045401 496092674 15812267 366199228 778433777 224631038
41101865 170606431 633012669 730437901 399216984 724034637 923562692 44742529 981038235 433183771
555443876 11117168 943413880 527464775 429658711 514039278 78211756 306734298 735884501 603064559
128776368 186660376 838961667 48520450 405923364 751427945 363544256 509074793 650484424 358448464
802291800 803722185 794494451 107642169 61223947 381798593 80765205 7661569 622365223 303989089
65764336 485711282 137952857 818492870 811150758 502835551 189547238 569952547 895645463 494651685
332868170 758084679 579240451 146989294 630860942 472716939 720853637 607746537 48953950 140041312
396984829 206462585 694882442 343774941 878721658 167085486 551862963 690840373 40045959 188122443
281972086 493912893 686033440 777194422 543015214 783075923 547558031 984554710 778931590 61221248
666984381 878703816 951344310 306860756 423549419 37916683 645624849 467039316 236339628 989960818
646836542 633866928 27737400 820481866 690860692 197083726 284354748 761756351 338521841 918816065
836065875 864700760 391087191 291152063 450363310 242655779 851496812 660792685 273958629 374140892
670911548 310802439 973555939 287082924 605739182 273286141 648205581 717685407 485526543 137729675
981453842 194408497 508870913 224736034 724488106 143670919 939818234 952141657 758580706 666323113
833430989 859450671 114047594 648454456 24058052 72789241 222273841 861623743 514038502 752668990
415229109 875061330 99003302 932078291 521277820 834427764 847975196 974849133 763127916 888288164
154680329 593453600 833628584 262596332 372862980 54936057 293523373 469275840 669693598 646847356
129232169 895073146 889443885 430633137 347539881 874206310 53123426 3738335 132727071 584294309
306417051 40126619 876949077 63379394 832160621 316212175 594264288 128870290 958315997 542455432
890661718 798574507 821028292 559995280 577273867 274797902 294842777 898122666 590095757 849446275
820804416 786132354 212318142 457144606 582608386 894793092 819847919 458550938 566884382 102131743
837189676 57121741 988277118 935391846 125628370 965376013 603438894 689879523 267684683 508777618
934130043 24742101 187378224 217233628 591374834 82725599 259039383 101866445 865766995 382277057
68241281 568652244 53773778 226547517 620902694 103812454 997191966 311077176 217597196 436237477
394152798 947143233 886490577 666563596 664873479 401575938 79914990 777578078 943927333 64485848
439567358 657972580 203760976 242358109 316107155 329277005 188504225 741981895 519404360 629470933
840856334 707686633 55545140 904998947 188152185 871341326 257276950 100659797 553619900 948429093
204686219 923055898 177328164 631208441 451644170 514604451 908248832 559461713 256871891 856459790
547726697 164723741 742939844 724513979 782685736 984446132 276533102 976154438 751393808 308780289
936493432 632467780 255573140 112764453 263410677 599657221 627600355 18591228 186094045 875276870
685801650 87643429 748315693 808749130 193995084 908741456 489374954 824889167 848239914 672460650
659555964 278053178 305746248 196864163 205340378 238781296 682103063 41856637 614525548 272975934
793151106 488458357 648912398 774417741 597435780 880967676 540524334 717615120 275368999 943347260
290715775 840413560 796558644 327930003 18155732 9979979 845775106 486513565 343469880 260558169
884673418 393612935 414187870 592301098 217457775 221919282 523344724 930483249 144739853 773897107
194578655 50208603 913768241 210398852 376126740 614553581 657701762 316053224 21069289 677995788
535995131 82914061 849349451 16464405 559813527 150789507 43231608 337249119 201183737 94471324
534411980 595866217 456441822 809304878 964273403 116750854 377016651 670026826 695261514 278503910
356610076 139821988 104527306 861306130 165809232 958508404 656852619 842101698 373582068 822269427
270483798 184801915 886501775 604641186 353661770 886703521 105947837 240967647 481505679 611797146
483678001 913259918 750697709 524617048 626428280 931638824 637723213 247238386 689329328 36547265
808097968 656036449 771813056 430941765 327672709 417682983 455147417 581924780 808919214 917007384
458440701 740269757 722574721 428205732 801848546 387728860 677677187 865039583 308090878 641506488
790973828 929478179 723572518 279002428 195377913 144709637 308873335 132656594 476256429 668659497
335227488 482549923 820979435 449549533 784084603 522472876 194331026 792638967 372779675 183566133
667478212 801599559 373834352 479620082 325765880 428786614 56071179 588661247 875411336 17268648
167517538 209761683 88520099 57642192 849884740 696529641 314362069 617687986 986591430 25447106
35134456 940363204 666050633 814989898 729532684 892586772 702482124 183630014 49610697 101916631
849990260 52481275 246400939 553295139 503888509 51442145 992607614 484739994 38609338 42577418
987591096 537822646 716907600 742584838 102030623 796636769 54708214 918242580 944436005 896328160
878446759 645656616 574447077 532613241 776572658 270186623 455969019 530052672 154122900 183785050
520786401 15722367 440293509 435790800 529514115 507113454 70892012 306440360 257196405 489768940
922213079 779849223 290032247 445702505 604249459 876844517 762178855 968078326 912311890 523260754
420247034 542841245 871574083 459858549 806089815 139142111 63973015 909541115 19290553 528111538
411219900 162318038 356557579 706262546 262337348 390855276 459614502 112236704 168290104 453437844
42314434 394706472 689768266 668004003 867053672 795447884 633090400 910479923 190365042 617360377
656736846 488619643 247359130 536547038 499539608 124977407 600088631 650162006 351540902 187786577
230454147 954674217 428330140 986423846 96489887 601116034 711481968 200933575 309914713 164896070
159837474 186683549 799930840 374025422 109732675 978203830 977234600 617229270 719883736 627024059
139374829 511368188 983530338 724192987 259141577 748654661 992997369 351868239 505498795 837489938
620365522 103519151 435105624 100161724 326463636 670852650 646723763 799859529 899582300 45187073
756397912 170010196 553295173 189756434 320844935 101119407 818587187 318064297 404756006 232964811
484497665 774480407 227113013 13357248 777872485 881182066 924305139 926801520 836023181 106016506
162696309 848864298 12676340 312272604 474406827 478263539 731494453 863621825 487501596 821748016
699080867 75997601 459996227 545520280 852912589 435559064 565406888 236347933 589659530 675619425
890658646 885111364 875821018 123983522 870109024 841478145 130776962 72652970 951767790 488396802
496367243 778076578 939989224 829886298 944145532 202813496 765933878 937370003 934979534 597225069
307893779 44814586 951213417 238344810 299079386 20259266 620370170 774166011 640930873 730251701
779721746 100155064 691888440 65144992 135767790 724801159 798212031 112296991 561095148 667005646
335669672 870827253 304312082 218088573 364140822 866986246 319718018 686240255 926669608 670530863
485622080 559950371 990161096 544877308 912392607 124408140 292737188 843258168 775418718 883878823
545586600 446737983 801466353 623262828 774526063 846569263 148000040 186964215 392036985 47417212
734658562 149245937 533254128 690911627 904575663 414843759 645395422 448736058 529862755 855766697
848186622 968297042 404218937 362731233 56677615 232976904 6831022 164586201 184985609 197778963
219868626 311272181 815236939 620239852 752392838 971927293 238117923 356300497 961990135 70934144
34500069 776678797 318494807 300564264 542345102 597292741 394961832 593236831 169487763 155248454
189916011 418576364 357281544 683527728 871727684 314504740 474783935 143477107 45786457 941522898
867401967 788336550 588574217 172102430 391177076 459961050 877051553 657818459 817565296 317602301
449982691 603609654 28393409 189403313 213036204 90820546 662275910 512208904 837649864 662389530
714287471 764184627 576504465 293566196 596723848 68099814 56034847 301639398 623111496 1163077
286804775 868127385 165785603 339044030 385983240 679010912 742180512 224086443 679720463 775516554
260519786 63638198 372101312 778419034 918177567 960259205 902737887 3059710 678037630 570740726
100294647 780937354 544200452 169010617 157136729 229792072 756936357 94051603 511039153 503741290
444751600 59920395 623728125 420540932 894493726 480383177 595184585 930689792 736337812 837537077
916057830 549378511 228891395 467772379 282872818 556967216 423579306 2992517 696552868 68592218
765335702 803479918 394631992 849272306 863443932 440279972 904685540 764031953 517897156 229234533
226545708 130651005 215855658 143316860 750608421 554696091 41579343 852110004 293333120 334896628
436762971 518347058 312694698 271835266 806649650 366464965 300691096 861327292 737242348 98614606
186791146 900907978 253431669 109099254 555644844 644218474 475111846 963617093 39350429 301845237
548257966 189677848 179338529 914688447 493604062 796784749 196143226 948362956 785974899 297408659
250523176 930209793 207537546 462697658 495922916 542070996 280732800 680297184 645223753 379926303
451287440 613765899 196467869 317469663 337355252 233895473 757767734 424236257 981253324 886826358
884910271 685437482 368065650 434455291 196095133 261393281 758158758 710972172 277406572 969668938
495894974 487417322 437909218 389767789 526240294 930255953 853207749 567076096 698031685 355422889
310704924 719097836 905191062 411899687 456037945 810126047 74943193 102563273 640654404 903542047
70061176 63843696 881248567 680130919 470903996 696410226 623668144 468703776 530834320 57152385
515291642 164643044 999042389 230041514 752416748 406948421 640151837 867801878 937358747 435763853
294752398 248037018 311762005 917902412 966860465 906113050 381398193 187013031 802106587 27424814
778044739 299613518 813725897 180810979 117124743 887885211 333866693 696793954 133489495 282832296
142865550 117012688 885608904 597174377 87610041 850029564 463319887 703298185 616376228 277108475
896909890 639639727 499254334 980757782 602590558 145223208 640995805 328057581 406057319 236939396
557347133 915302069 388600588 48760299 89707283 845442933 240141554 201380711 350025180 181951980
986877592 86518384 519910486 781865238 806153459 431669846 154054188 633255379 655964372 558055523
266047429 612861571 21931685 342101327 588230985 276034569 943940788 375153262 487369393 196905902
361338161 136365023 664167990 654383144 130971459 776659400 120520495 678802258 419339736 343394587
110635044 407216826 692927959 408212904 187958431 320945536 606294206 372070258 841433216 254997462
452576247 243832148 745641056 520011157 158704738 766052844 861452941 751313523 922033795 569537543
922742525 270316693 536225046 153587664 427186511 649719437 582393249 926782171 103034020 169891159
900144921 965050845 413901639 342860974 60862775 678003534 604958783 348506703 560022939 34162708
15224656 44555294 467344172 35504403 824354458 938047552 273549341 866117466 842790955 356641240
355971536 180574527 979833483 814714511 533807428 72721145 204069491 833473412 47000464 544631689
849966224 462518671 321139509 866192949 914159850 371652624 250578793 170193453 918552119 540182591
556160131 991594010 192838312 676056532 961114603 656015490 375981625 330484670 243561594 757034400
146573877 289684824 373994573 957969494 612150687 664982809 424997369 465834494 725974402 608564180
74805036 160950372 440571773 176961986 717948459 589879521 223545390 885764065 816302191 656157134
769607376 336320007 688131558 429866208 595579911 85379683 778581944 786883801 532294557 40763879
733668767 140349982 323707214 265744033 363683068 679931210 329619950 143282683 807842863 570060779
472847134 625771945 105681018 862158821 211057389 739723164 247375203 914157759 79565071 492741354
468087084 737862276 33031163 405242021 361756670 745513602 94418625 649588487 858174002 779268283
187852650 952728104 120640565 704948899 893502536 546062831 746127507 789392407 568833507 49841917
53214919 10535763 628102472 669274263 67571084 539788420 698748411 723051105 701462119 763535795
158638101 50539778 80409862 559889807 726284556 800499335 52023837 454642776 312266292 834416190
917372170 283429141 153964118 566691216 193640786 314461518 244612762 302050308 858346675 682755475
290257823 999723838 25844780 238671826 943318120 555334562 888776866 910158073 336333679 978384572
92975840 219725622 234861488 83215718 500446308 549910464 78675947 865581210 256284133 979162728
408268984 699976791 318046674 897770077 930327804 111378268 84156296 228799458 667176406 805533667
501896571 489306334 485763055 936456287 260651634 54134058 244248139 331744590 829222992 192735374
473552186 69823888 697289197 546669147 813420917 513577436 462661020 882795801 523100578 37949516
61931453 714122693 852194473 127589053 163629321 2802662 12262544 842930811 181923945 465252998
587980377 741244803 263432713 871424530 205074756 804775987 938366675 730769353 660719178 787287160
661454878 886935784 34713068 909385410 59381689 469031776 472356960 832556927 50680977 33435558
687213836 159088701 149829933 406461198 840626787 478653583 360884000 65424961 604520786 70802956
637658485 587232057 172470505 401055192 568257313 524632456 172318212 177480379 528950977 956168823
576316959 249994190 756497695 80413700 485241611 970229974 362976255 700199377 666431309 126523007
370920868 977494544 119027943 241934340 879938641 525225881 468003249 99180781 774181204 924471244
682151794 986640207 114162858 699382516 174858144 551364770 673696182 786205690 681907216 974750024
837134294 172304374 576470172 557871716 703762334 155707909 640497522 326534758 391185549 734931637
38818961 507206607 371363748 446934581 909158177 218912554 905051837 637206923 37851954 875438457
482232146 381781635 798487138 798530036 369221351 133303179 693940219 114226434 129600336 836325449
330334250 386099344 792267579 846042721 411367055 464016603 847891415 781643404 732764191 734488034
760360745 672271419 333617758 203704759 51542599 73580812 349368139 381490686 955184453 368104469
313567383 636292857 91563480 213905282 71946373 125745962 473324478 687299358 618914632 200378343
740315250 779993654 426193982 946182763 907527247 270153466 784010970 655380947 183468183 260529259
8105117 823705775 294190795 28117340 25302519 580560858 749568011 740506064 91986357 85119476
75295685 749377596 446585498 488857599 676822530 902964315 789255353 348353051 627544750 225358476
614087426 608894663 361779278 102311565 66654014 828503163 520716491 529649409 549134132 353996056
945286959 826760431 545985057 339093703 839581019 305597253 577094402 890509296 728293132 998742606
583561038 108604295 856520567 601616932 499378906 383569044 538676639 488440798 628677286 630191788
481973260 843187185 27172092 171810957 861971733 13881555 624276450 490279915 380314196 233248562
844446535 915925238 386608015 274268732 616673925 400770933 947996246 948673776 873595936 962779889
741602828 157934328 588763595 898407243 235305569 320055095 873353320 45838237 142536949 786742904
564679146 261145112 412053370 5346874 390029932 667602668 185620878 840530081 939241582 463781300
211871451 200722961 299554469 227577081 513818003 323686902 976723204 254773644 283576072 365170292
74947681 899925237 800282255 480554544 492885784 916498658 380885164 586041819 663538141 270749386